ch
100010001101
100010100101
100000000010
100000000000
100000000000
100000000000
100000000000
100000000000
100000000000
100000000000
100000000000
100000000000
100000000000
100000000000
100000000000
100000000000
010010000000
010010000000
011011000000
010010000000
010000000000
010011000100
000010000000
000010000000
000010001000
000010000000
000010000000
000011000000
000010000000
000010000000
000010000000
000010000000
000010000000
000011000000
000011000000
000010000000
000010000000
000010000000
000010000000
000010000000
000010000000
000000001000
000000001001
000000000100
000000000100
000000000100
000000000100
000000000100
000000000100
000000000100
000000000100
000000000100
000000000100
000000000100
000000000100
000000000101
000000000100
000000000100
000000000100
000000000100
000000000100
000000000100
000000000010
000000000010
000000000010
000000000010
000000000010
000000000010
000000000010
000000000010
000000000010
000000000010
000000000010
000000000010
000000000010
000000000010
000000000010
000000000010
000000000010
000000000010
000000000001
000000000001
000000000001
000000000001
000000000001
000000000001
000000000001
000000000001
000000000001
000000000001
000000000001
000000000001
000000000001
000000000001
001000000000
001000000000
001000000000
001000000000
001000000000
001000000000
000000000001
000000000001
